Matrix L:
0.000000 0.273600 0.273600 -0.273600 0.273600 -0.755800 0.273600 0.000000 0.273600 0.000000 0.000000 0.000000 0.000000 0.000000 0.000000 0.000000
0.000000 0.000000 -0.198300 0.198300 -0.198300 0.198300 -0.198300 0.273600 0.000000 -0.198300 0.000000 0.000000 0.000000 0.000000 0.000000 0.000000
0.198300 0.000000 0.000000 -0.198300 0.198300 -0.198300 0.198300 -0.273600 0.000000 0.000000 -0.198300 0.000000 0.000000 0.000000 0.000000 0.000000
-0.198300 -0.198300 0.000000 0.000000 -0.198300 0.198300 -0.198300 0.273600 0.000000 0.000000 0.000000 -0.198300 0.000000 0.000000 0.000000 0.000000
0.198300 0.198300 0.198300 0.000000 0.000000 -0.198300 0.198300 -0.273600 0.000000 0.000000 0.000000 0.000000 0.198300 0.000000 0.000000 0.000000
-0.198300 -0.198300 -0.198300 0.198300 0.000000 0.000000 -0.198300 0.974300 0.000000 0.000000 0.000000 0.000000 0.000000 0.198300 0.000000 0.000000
-0.198300 -0.198300 -0.198300 0.198300 -0.198300 0.000000 0.000000 0.755800 0.000000 0.000000 0.000000 0.000000 0.000000 0.000000 0.198300 0.000000
-0.273600 -0.273600 -0.273600 0.273600 -0.273600 0.755800 0.000000 0.000000 0.000000 0.000000 0.000000 0.000000 0.000000 0.000000 0.000000 -0.273600

Corrected Codeword: -2.508400 -3.683400 -1.370900 1.737500 -1.152400 0.273600 -1.377900 1.928400 -1.024300 -1.158200 0.822700 -0.858600 -1.441900 2.219500 2.047400 -2.437700

Corrected Syndrome: 1 1 1 0 1 0 1 0 1 1 0 1 1 0 0 1


0.000000 -2.234800 -2.234800 -2.782000 -2.234800 -3.264200 -2.234800 0.000000 -2.234800 0.000000 0.000000 0.000000 0.000000 0.000000 0.000000 0.000000
0.000000 0.000000 -4.032300 -3.635700 -4.032300 -3.635700 -4.032300 -3.560400 0.000000 -4.032300 0.000000 0.000000 0.000000 0.000000 0.000000 0.000000
-0.926600 0.000000 0.000000 -1.323200 -0.926600 -1.323200 -0.926600 -1.398500 0.000000 0.000000 -1.323200 0.000000 0.000000 0.000000 0.000000 0.000000
1.689800 1.689800 0.000000 0.000000 1.689800 1.293200 1.689800 1.217900 0.000000 0.000000 0.000000 1.689800 0.000000 0.000000 0.000000 0.000000
-1.104700 -1.104700 -1.104700 0.000000 0.000000 -1.501300 -1.104700 -1.576600 0.000000 0.000000 0.000000 0.000000 -1.104700 0.000000 0.000000 0.000000
1.983500 1.983500 1.983500 2.380100 0.000000 0.000000 1.983500 3.156100 0.000000 0.000000 0.000000 0.000000 0.000000 2.380100 0.000000 0.000000
-2.123400 -2.123400 -2.123400 -1.726800 -2.123400 0.000000 0.000000 -1.169300 0.000000 0.000000 0.000000 0.000000 0.000000 0.000000 -1.726800 0.000000
-0.711000 -0.711000 -0.711000 -1.258200 -0.711000 -1.740400 0.000000 0.000000 0.000000 0.000000 0.000000 0.000000 0.000000 0.000000 0.000000 -0.711000
